       0        0        0        0        0        0        0        0        0        0        0        0        0        0        0        0        0        0        0        0        0        0        0        0        0        0        0        0        0        0        0        0        0        0        0        0        0        0        0        0        0 
       0  0.00014 0.0003002 0.0005138 0.0008676 0.001765   0.0053 0.009248  0.01352  0.01808  0.02287  0.02764  0.03221  0.03649  0.04046  0.04407  0.04722   0.0498  0.05172  0.05291  0.05331  0.05291  0.05172   0.0498  0.04722  0.04407  0.04046  0.03649  0.03221  0.02764  0.02287  0.01808  0.01352 0.009248   0.0053 0.001765 0.0008676 0.0005138 0.0003002  0.00014        0 
       0 0.0002771 0.0005929 0.001008 0.001659 0.002965  0.00611  0.01282  0.02138   0.0305  0.04012  0.04968  0.05883  0.06739  0.07535  0.08258  0.08889  0.09407  0.09792   0.1003   0.1011   0.1003  0.09792  0.09407  0.08889  0.08258  0.07535  0.06739  0.05883  0.04968  0.04012   0.0305  0.02138  0.01282  0.00611 0.002965 0.001659 0.001008 0.0005929 0.0002771        0 
       0 0.0004087 0.0008717 0.001469 0.002358 0.003906 0.006792  0.01052  0.02354  0.03722  0.05175  0.06616  0.07991  0.09276   0.1047   0.1156   0.1251   0.1329   0.1387   0.1423   0.1435   0.1423   0.1387   0.1329   0.1251   0.1156   0.1047  0.09276  0.07991  0.06616  0.05175  0.03722  0.02354  0.01052 0.006792 0.003906 0.002358 0.001469 0.0008717 0.0004087        0 
       0 0.0005328 0.001132 0.001889 0.002964 0.004659 0.007376  0.01071  0.01998  0.03819  0.05777  0.07711  0.09549   0.1126   0.1286   0.1432   0.1559   0.1664   0.1742    0.179   0.1806    0.179   0.1742   0.1664   0.1559   0.1432   0.1286   0.1126  0.09549  0.07711  0.05777  0.03819  0.01998  0.01071 0.007376 0.004659 0.002964 0.001889 0.001132 0.0005328        0 
       0 0.0006475 0.001369 0.002264 0.003483 0.005269 0.007874  0.01109  0.01502  0.03335  0.05821  0.08257   0.1056    0.127   0.1471   0.1654   0.1815   0.1946   0.2045   0.2105   0.2126   0.2105   0.2045   0.1946   0.1815   0.1654   0.1471    0.127   0.1056  0.08257  0.05821  0.03335  0.01502  0.01109 0.007874 0.005269 0.003483 0.002264 0.001369 0.0006475        0 
       0 0.0007518 0.001583 0.002593 0.003922 0.005764 0.008285  0.01138  0.01493  0.02197  0.05309  0.08258   0.1104    0.136   0.1601   0.1823   0.2018   0.2177   0.2297    0.237   0.2395    0.237   0.2297   0.2177   0.2018   0.1823   0.1601    0.136   0.1104  0.08258  0.05309  0.02197  0.01493  0.01138 0.008285 0.005764 0.003922 0.002593 0.001583 0.0007518        0 
       0 0.0008449 0.001771 0.002877 0.004289 0.006163 0.008616  0.01159  0.01504  0.01909  0.04257  0.07722   0.1098   0.1396   0.1679    0.194   0.2169   0.2358   0.2499   0.2586   0.2615   0.2586   0.2499   0.2358   0.2169    0.194   0.1679   0.1396   0.1098  0.07722  0.04257  0.01909  0.01504  0.01159 0.008616 0.006163 0.004289 0.002877 0.001771 0.0008449        0 
       0 0.0009264 0.001935 0.003118 0.004592  0.00648 0.008874  0.01175  0.01506  0.01877  0.02486  0.06652    0.104   0.1378   0.1703   0.2005   0.2271   0.2489   0.2652   0.2753   0.2787   0.2753   0.2652   0.2489   0.2271   0.2005   0.1703   0.1378    0.104  0.06652  0.02486  0.01877  0.01506  0.01175 0.008874  0.00648 0.004592 0.003118 0.001935 0.0009264        0 
       0 0.0009965 0.002073 0.003319 0.004835 0.006727 0.009064  0.01184  0.01503  0.01859  0.02257  0.05079  0.09304   0.1305   0.1674   0.2019   0.2322   0.2572   0.2758   0.2874   0.2913   0.2874   0.2758   0.2572   0.2322   0.2019   0.1674   0.1305  0.09304  0.05079  0.02257  0.01859  0.01503  0.01184 0.009064 0.006727 0.004835 0.003319 0.002073 0.0009965        0 
       0 0.001055 0.002188 0.003482 0.005026  0.00691 0.009192  0.01188  0.01494  0.01836   0.0221  0.02746  0.07716   0.1177   0.1593   0.1983   0.2326   0.2607   0.2818   0.2949   0.2993   0.2949   0.2818   0.2607   0.2326   0.1983   0.1593   0.1177  0.07716  0.02746   0.0221  0.01836  0.01494  0.01188 0.009192  0.00691 0.005026 0.003482 0.002188 0.001055        0 
       0 0.001103  0.00228 0.003609  0.00517 0.007038 0.009264  0.01186   0.0148  0.01808  0.02166  0.02548  0.05694   0.0991   0.1458   0.1897   0.2281   0.2597   0.2833    0.298    0.303    0.298   0.2833   0.2597   0.2281   0.1897   0.1458   0.0991  0.05694  0.02548  0.02166  0.01808   0.0148  0.01186 0.009264 0.007038  0.00517 0.003609  0.00228 0.001103        0 
       0 0.001141 0.002351 0.003704  0.00527 0.007115 0.009284  0.01179  0.01462  0.01776  0.02119   0.0249   0.0296  0.07425   0.1272   0.1762    0.219   0.2541   0.2804   0.2969   0.3025   0.2969   0.2804   0.2541    0.219   0.1762   0.1272  0.07425   0.0296   0.0249  0.02119  0.01776  0.01462  0.01179 0.009284 0.007115  0.00527 0.003704 0.002351 0.001141        0 
       0 0.001168 0.002402 0.003768 0.005331 0.007147 0.009257  0.01167  0.01439  0.01741  0.02069  0.02423  0.02799  0.04261   0.1035    0.158   0.2054   0.2442   0.2733   0.2917    0.298   0.2917   0.2733   0.2442   0.2054    0.158   0.1035  0.04261  0.02799  0.02423  0.02069  0.01741  0.01439  0.01167 0.009257 0.007147 0.005331 0.003768 0.002402 0.001168        0 
       0 0.001187 0.002435 0.003805 0.005356 0.007138 0.009187  0.01152  0.01413  0.01701  0.02014  0.02352  0.02718  0.03168   0.0751   0.1351   0.1874   0.2299   0.2621   0.2826   0.2896   0.2826   0.2621   0.2299   0.1874   0.1351   0.0751  0.03168  0.02718  0.02352  0.02014  0.01701  0.01413  0.01152 0.009187 0.007138 0.005356 0.003805 0.002435 0.001187        0 
       0 0.001197  0.00245 0.003816 0.005349 0.007092 0.009077  0.01132  0.01382  0.01657  0.01956  0.02279  0.02625  0.02993  0.03872   0.1078   0.1652   0.2115    0.247   0.2697   0.2776   0.2697    0.247   0.2115   0.1652   0.1078  0.03872  0.02993  0.02625  0.02279  0.01956  0.01657  0.01382  0.01132 0.009077 0.007092 0.005349 0.003816  0.00245 0.001197        0 
       0 0.001198  0.00245 0.003805 0.005311 0.007011 0.008931  0.01109  0.01348  0.01611  0.01895  0.02201  0.02528  0.02875  0.03252  0.07641   0.1389    0.189    0.228   0.2533   0.2622   0.2533    0.228    0.189   0.1389  0.07641  0.03252  0.02875  0.02528  0.02201  0.01895  0.01611  0.01348  0.01109 0.008931 0.007011 0.005311 0.003805  0.00245 0.001198        0 
       0 0.001193 0.002434 0.003771 0.005247 0.006899 0.008752  0.01082  0.01311  0.01561  0.01831  0.02121  0.02429  0.02752  0.03078  0.03681   0.1087   0.1625   0.2054   0.2337   0.2436   0.2337   0.2054   0.1625   0.1087  0.03681  0.03078  0.02752  0.02429  0.02121  0.01831  0.01561  0.01311  0.01082 0.008752 0.006899 0.005247 0.003771 0.002434 0.001193        0 
       0 0.001181 0.002406 0.003719 0.005159 0.006759 0.008543  0.01052  0.01271  0.01508  0.01765  0.02038  0.02327  0.02628  0.02932  0.03232  0.07545   0.1319   0.1791   0.2109   0.2223   0.2109   0.1791   0.1319  0.07545  0.03232  0.02932  0.02628  0.02327  0.02038  0.01765  0.01508  0.01271  0.01052 0.008543 0.006759 0.005159 0.003719 0.002406 0.001181        0 
       0 0.001162 0.002365 0.003648 0.005047 0.006592 0.008305   0.0102  0.01227  0.01453  0.01695  0.01953  0.02224  0.02505  0.02786  0.03061   0.0347  0.09693   0.1494   0.1855   0.1985   0.1855   0.1494  0.09693   0.0347  0.03061  0.02786  0.02505  0.02224  0.01953  0.01695  0.01453  0.01227   0.0102 0.008305 0.006592 0.005047 0.003648 0.002365 0.001162        0 
       0 0.001138 0.002313 0.003561 0.004915 0.006403 0.008043 0.009847  0.01182  0.01395  0.01624  0.01867   0.0212  0.02381  0.02641  0.02894  0.03128  0.05773   0.1164   0.1576   0.1727   0.1576   0.1164  0.05773  0.03128  0.02894  0.02641  0.02381   0.0212  0.01867  0.01624  0.01395  0.01182 0.009847 0.008043 0.006403 0.004915 0.003561 0.002313 0.001138        0 
       0 0.001108  0.00225 0.003459 0.004765 0.006192 0.007757 0.009472  0.01134  0.01336  0.01551  0.01778  0.02015  0.02257  0.02498  0.02731  0.02953  0.03236  0.08026   0.1279   0.1456   0.1279  0.08026  0.03236  0.02953  0.02731  0.02498  0.02257  0.02015  0.01778  0.01551  0.01336  0.01134 0.009472 0.007757 0.006192 0.004765 0.003459  0.00225 0.001108        0 
       0 0.001073 0.002178 0.003344 0.004597 0.005961 0.007451 0.009076  0.01084  0.01274  0.01476  0.01688  0.01909  0.02133  0.02355  0.02569  0.02769  0.02941  0.03852  0.09667   0.1178  0.09667  0.03852  0.02941  0.02769  0.02569  0.02355  0.02133  0.01909  0.01688  0.01476  0.01274  0.01084 0.009076 0.007451 0.005961 0.004597 0.003344 0.002178 0.001073        0 
       0 0.001035 0.002097 0.003216 0.004414 0.005712 0.007125 0.008661  0.01032   0.0121  0.01399  0.01598  0.01802   0.0201  0.02214  0.02409  0.02589  0.02743  0.02892  0.06505  0.09041  0.06505  0.02892  0.02743  0.02589  0.02409  0.02214   0.0201  0.01802  0.01598  0.01399   0.0121  0.01032 0.008661 0.007125 0.005712 0.004414 0.003216 0.002097 0.001035        0 
       0 0.0009916 0.002009 0.003077 0.004217 0.005448 0.006782 0.008228 0.009786  0.01145  0.01322  0.01506  0.01696  0.01887  0.02074  0.02251  0.02412  0.02545  0.02626  0.02931  0.06449  0.02931  0.02626  0.02545  0.02412  0.02251  0.02074  0.01887  0.01696  0.01506  0.01322  0.01145 0.009786 0.008228 0.006782 0.005448 0.004217 0.003077 0.002009 0.0009916        0 
       0 0.0009451 0.001914 0.002928 0.004007 0.005169 0.006424 0.007779 0.009236  0.01079  0.01243  0.01414  0.01589  0.01764  0.01935  0.02096   0.0224  0.02354  0.02419  0.02411  0.04283  0.02411  0.02419  0.02354   0.0224  0.02096  0.01935  0.01764  0.01589  0.01414  0.01243  0.01079 0.009236 0.007779 0.006424 0.005169 0.004007 0.002928 0.001914 0.0009451        0 
       0 0.0008953 0.001812 0.002769 0.003786 0.004876 0.006051 0.007316 0.008671  0.01011  0.01163  0.01321  0.01481  0.01642  0.01798  0.01943  0.02071   0.0217  0.02223  0.02196  0.02083  0.02196  0.02223   0.0217  0.02071  0.01943  0.01798  0.01642  0.01481  0.01321  0.01163  0.01011 0.008671 0.007316 0.006051 0.004876 0.003786 0.002769 0.001812 0.0008953        0 
       0 0.0008426 0.001704 0.002603 0.003554 0.004572 0.005666  0.00684 0.008095 0.009427  0.01082  0.01227  0.01374  0.01521  0.01662  0.01793  0.01907  0.01993  0.02038  0.02021  0.01947  0.02021  0.02038  0.01993  0.01907  0.01793  0.01662  0.01521  0.01374  0.01227  0.01082 0.009427 0.008095  0.00684 0.005666 0.004572 0.003554 0.002603 0.001704 0.0008426        0 
       0 0.0007871 0.001591 0.002429 0.003313 0.004257 0.005269 0.006353 0.007508 0.008731  0.01001  0.01133  0.01267    0.014  0.01528  0.01645  0.01746  0.01822  0.01861  0.01853  0.01814  0.01853  0.01861  0.01822  0.01746  0.01645  0.01528    0.014  0.01267  0.01133  0.01001 0.008731 0.007508 0.006353 0.005269 0.004257 0.003313 0.002429 0.001591 0.0007871        0 
       0 0.0007293 0.001474 0.002248 0.003064 0.003933 0.004862 0.005855 0.006912 0.008027 0.009192  0.01039  0.01161   0.0128  0.01395    0.015  0.01589  0.01656  0.01691  0.01691   0.0167  0.01691  0.01691  0.01656  0.01589    0.015  0.01395   0.0128  0.01161  0.01039 0.009192 0.008027 0.006912 0.005855 0.004862 0.003933 0.003064 0.002248 0.001474 0.0007293        0 
       0 0.0006694 0.001352 0.002061 0.002807   0.0036 0.004446 0.005349 0.006307 0.007316 0.008368 0.009449  0.01054  0.01161  0.01263  0.01356  0.01435  0.01494  0.01526  0.01531  0.01521  0.01531  0.01526  0.01494  0.01435  0.01356  0.01263  0.01161  0.01054 0.009449 0.008368 0.007316 0.006307 0.005349 0.004446   0.0036 0.002807 0.002061 0.001352 0.0006694        0 
       0 0.0006075 0.001227 0.001869 0.002544  0.00326 0.004023 0.004834 0.005695   0.0066 0.007541 0.008505 0.009476  0.01043  0.01133  0.01215  0.01284  0.01336  0.01365  0.01373  0.01369  0.01373  0.01365  0.01336  0.01284  0.01215  0.01133  0.01043 0.009476 0.008505 0.007541   0.0066 0.005695 0.004834 0.004023  0.00326 0.002544 0.001869 0.001227 0.0006075        0 
       0 0.000544 0.001098 0.001672 0.002275 0.002914 0.003592 0.004313 0.005076 0.005878 0.006709  0.00756 0.008415  0.00925  0.01004  0.01076  0.01136   0.0118  0.01207  0.01216  0.01215  0.01216  0.01207   0.0118  0.01136  0.01076  0.01004  0.00925 0.008415  0.00756 0.006709 0.005878 0.005076 0.004313 0.003592 0.002914 0.002275 0.001672 0.001098 0.000544        0 
       0 0.000479 0.0009669 0.001472 0.002001 0.002561 0.003156 0.003786 0.004453 0.005151 0.005876 0.006615 0.007356 0.008079 0.008762 0.009377 0.009893  0.01028  0.01052  0.01061  0.01062  0.01061  0.01052  0.01028 0.009893 0.009377 0.008762 0.008079 0.007356 0.006615 0.005876 0.005151 0.004453 0.003786 0.003156 0.002561 0.002001 0.001472 0.0009669 0.000479        0 
       0 0.0004128 0.0008331 0.001268 0.001723 0.002204 0.002714 0.003254 0.003825 0.004422  0.00504  0.00567   0.0063 0.006914 0.007493 0.008012 0.008448 0.008775  0.00898 0.009071 0.009089 0.009071  0.00898 0.008775 0.008448 0.008012 0.007493 0.006914   0.0063  0.00567  0.00504 0.004422 0.003825 0.003254 0.002714 0.002204 0.001723 0.001268 0.0008331 0.0004128        0 
       0 0.0003456 0.0006973 0.001061 0.001441 0.001843 0.002268 0.002718 0.003193 0.003689 0.004202 0.004725 0.005246 0.005754 0.006231 0.006659 0.007017 0.007288  0.00746 0.007543 0.007563 0.007543  0.00746 0.007288 0.007017 0.006659 0.006231 0.005754 0.005246 0.004725 0.004202 0.003689 0.003193 0.002718 0.002268 0.001843 0.001441 0.001061 0.0006973 0.0003456        0 
       0 0.0002775 0.0005598 0.0008514 0.001156 0.001478 0.001818 0.002179 0.002558 0.002954 0.003363 0.003779 0.004194 0.004598 0.004976 0.005316 0.005599 0.005814 0.005954 0.006023 0.006042 0.006023 0.005954 0.005814 0.005599 0.005316 0.004976 0.004598 0.004194 0.003779 0.003363 0.002954 0.002558 0.002179 0.001818 0.001478 0.001156 0.0008514 0.0005598 0.0002775        0 
       0 0.0002087 0.000421 0.0006402 0.0008694 0.001111 0.001366 0.001636  0.00192 0.002217 0.002523 0.002834 0.003144 0.003445 0.003727  0.00398 0.004191 0.004352 0.004457 0.004511 0.004526 0.004511 0.004457 0.004352 0.004191  0.00398 0.003727 0.003445 0.003144 0.002834 0.002523 0.002217  0.00192 0.001636 0.001366 0.001111 0.0008694 0.0006402 0.000421 0.0002087        0 
       0 0.0001394 0.0002812 0.0004276 0.0005805 0.0007416 0.000912 0.001092 0.001281 0.001479 0.001682 0.001889 0.002096 0.002295 0.002483  0.00265  0.00279 0.002897 0.002967 0.003004 0.003015 0.003004 0.002967 0.002897  0.00279  0.00265 0.002483 0.002295 0.002096 0.001889 0.001682 0.001479 0.001281 0.001092 0.000912 0.0007416 0.0005805 0.0004276 0.0002812 0.0001394        0 
       0 6.979e-05 0.0001408 0.000214 0.0002906 0.0003711 0.0004563 0.0005463 0.0006409 0.0007396 0.0008413 0.0009447 0.001048 0.001147 0.001241 0.001324 0.001394 0.001447 0.001483 0.001501 0.001507 0.001501 0.001483 0.001447 0.001394 0.001324 0.001241 0.001147 0.001048 0.0009447 0.0008413 0.0007396 0.0006409 0.0005463 0.0004563 0.0003711 0.0002906 0.000214 0.0001408 6.979e-05        0 
       0        0        0        0        0        0        0        0        0        0        0        0        0        0        0        0        0        0        0        0        0        0        0        0        0        0        0        0        0        0        0        0        0        0        0        0        0        0        0        0        0 
